0 1 -50.000000
 0 3 -50.000000
 0 4 -50.000000
 1 0 -50.000000
 1 2 -50.000000
 1 3 -50.000000
 1 4 -50.000000
 1 5 -50.000000
 2 1 -50.000000
 2 4 -50.000000
 2 5 -50.000000
 3 0 -50.000000
 3 1 -50.000000
 3 4 -50.000000
 3 6 -50.000000
 3 7 -50.000000
 4 0 -50.000000
 4 1 -50.000000
 4 2 -50.000000
 4 3 -50.000000
 4 5 -50.000000
 4 6 -50.000000
 4 7 -50.000000
 4 8 -50.000000
 5 1 -50.000000
 5 2 -50.000000
 5 4 -50.000000
 5 7 -50.000000
 5 8 -50.000000
 6 3 -50.000000
 6 4 -50.000000
 6 7 -50.000000
 7 3 -50.000000
 7 4 -50.000000
 7 5 -50.000000
 7 6 -50.000000
 7 8 -50.000000
 8 4 -50.000000
 8 5 -50.000000
 8 7 -50.000000
 